[gd_scene load_steps=33 format=3 uid="uid://bc47ryrryeil"]

[ext_resource type="PackedScene" uid="uid://cjd4xkikihqr" path="res://Scenes/Player_Scene/Player.tscn" id="1_2gwix"]
[ext_resource type="Script" path="res://Scenes/World_Scenes/day_night_cycle.gd" id="1_3hce6"]
[ext_resource type="PackedScene" uid="uid://ca3wtssl6t7ax" path="res://Assets/Models/CompletedWorld/first_two_areas.tscn" id="1_x5psp"]
[ext_resource type="Shader" path="res://Assets/Shaders/DayNightShader.gdshader" id="2_j880h"]
[ext_resource type="PackedScene" uid="uid://djhaojekjffuu" path="res://Assets/Models/CompletedWorld/simple_third_area.tscn" id="2_mtose"]
[ext_resource type="PackedScene" uid="uid://b2oha1jqkfigo" path="res://Scenes/Interactable_Scenes/cauldron.tscn" id="2_psfv4"]
[ext_resource type="PackedScene" uid="uid://drcs0mh3x1vdv" path="res://Assets/Models/CompletedWorld/elevated_ridge_piece.tscn" id="3_1w7kk"]
[ext_resource type="PackedScene" uid="uid://b34qqc6sgcf5a" path="res://Scenes/Material_Scenes/Static/StaticMixtureMint.tscn" id="3_wirou"]
[ext_resource type="PackedScene" uid="uid://dejhdvmsixhyv" path="res://Scenes/Material_Scenes/Static/StaticCalientus.tscn" id="4_3oq4w"]
[ext_resource type="PackedScene" uid="uid://brn3t3qew4no8" path="res://Assets/Models/CompletedWorld/3_bushes.tscn" id="4_nffug"]
[ext_resource type="PackedScene" uid="uid://cgm4vyewlh6iu" path="res://Scenes/Material_Scenes/Static/StaticLampshade.tscn" id="5_h8833"]
[ext_resource type="PackedScene" uid="uid://rppdpe630m0p" path="res://Assets/Models/CompletedWorld/pine_tree.tscn" id="5_hbhad"]
[ext_resource type="PackedScene" uid="uid://dct5qkey0up5t" path="res://Assets/Models/CompletedWorld/thin_tree.tscn" id="6_oa4nq"]
[ext_resource type="PackedScene" uid="uid://ny7tyorxol8" path="res://Scenes/Material_Scenes/Static/StaticGustrhine.tscn" id="6_xs718"]
[ext_resource type="PackedScene" uid="uid://cbwlpvbddqksa" path="res://Scenes/Material_Scenes/Static/StaticSoothHoney.tscn" id="7_s3mne"]
[ext_resource type="PackedScene" uid="uid://bqoklqqdhqsw8" path="res://Assets/Models/CompletedWorld/simple_debris.tscn" id="9_vjqib"]
[ext_resource type="PackedScene" uid="uid://c8bvg01hp8erv" path="res://Assets/Models/CompletedWorld/single_bush.tscn" id="10_uwi2i"]
[ext_resource type="Script" path="res://Scripts/Interactables/shortcut_activator.gd" id="12_x8hx7"]
[ext_resource type="PackedScene" uid="uid://bcxnyrsnvho4d" path="res://Assets/Models/CompletedWorld/bnb_cabin1.tscn" id="13_55jqw"]
[ext_resource type="AudioStream" uid="uid://bxclh0sr084l" path="res://Assets/SoundEffects/WoodSnap5.wav" id="13_ai0xa"]
[ext_resource type="PackedScene" uid="uid://ffadxrwy5fs6" path="res://Scenes/Material_Scenes/Static/StaticSoothVenom.tscn" id="20_52jet"]
[ext_resource type="PackedScene" uid="uid://bjp0b632j2kou" path="res://Scenes/Interactable_Scenes/paper_post.tscn" id="21_tdfal"]

[sub_resource type="ShaderMaterial" id="ShaderMaterial_5t7m2"]
shader = ExtResource("2_j880h")
shader_parameter/topSkyDay = Color(0.415686, 0.694118, 0.694118, 1)
shader_parameter/horizonSkyDay = Color(0.198479, 0.62139, 0.880121, 1)
shader_parameter/topSkyNight = Color(0.12549, 0, 0.756863, 1)
shader_parameter/horizonSkyNight = Color(0, 0, 0.27451, 1)
shader_parameter/topSunRiseSet = Color(0.872002, 0.588818, 0.527243, 1)
shader_parameter/horizonSunRiseSet = Color(0.819036, 0.472006, 0.232726, 1)
shader_parameter/sunColor = Color(0.934074, 0.854508, 0.589968, 1)
shader_parameter/sunSize = 0.2
shader_parameter/moonColor = Color(0.896882, 0.89168, 0.351154, 1)
shader_parameter/moonSize = 0.1
shader_parameter/moonOffset = 0.05

[sub_resource type="Sky" id="Sky_f72b2"]
sky_material = SubResource("ShaderMaterial_5t7m2")

[sub_resource type="Environment" id="Environment_g0vy5"]
background_mode = 2
background_color = Color(0.619608, 0.745098, 1, 1)
background_energy_multiplier = 2.0
sky = SubResource("Sky_f72b2")
ambient_light_source = 2
ambient_light_color = Color(0.105882, 0.494118, 0.435294, 1)
ambient_light_energy = 0.5
ssao_enabled = true

[sub_resource type="StandardMaterial3D" id="StandardMaterial3D_xnfh5"]
albedo_color = Color(0.588235, 0.521569, 0.403922, 1)

[sub_resource type="BoxMesh" id="BoxMesh_bn44d"]
size = Vector3(0.5, 1.5, 0.5)

[sub_resource type="ConcavePolygonShape3D" id="ConcavePolygonShape3D_dqw51"]
data = PackedVector3Array(-0.25, 0.75, 0.25, 0.25, 0.75, 0.25, -0.25, -0.75, 0.25, 0.25, 0.75, 0.25, 0.25, -0.75, 0.25, -0.25, -0.75, 0.25, 0.25, 0.75, -0.25, -0.25, 0.75, -0.25, 0.25, -0.75, -0.25, -0.25, 0.75, -0.25, -0.25, -0.75, -0.25, 0.25, -0.75, -0.25, 0.25, 0.75, 0.25, 0.25, 0.75, -0.25, 0.25, -0.75, 0.25, 0.25, 0.75, -0.25, 0.25, -0.75, -0.25, 0.25, -0.75, 0.25, -0.25, 0.75, -0.25, -0.25, 0.75, 0.25, -0.25, -0.75, -0.25, -0.25, 0.75, 0.25, -0.25, -0.75, 0.25, -0.25, -0.75, -0.25, 0.25, 0.75, 0.25, -0.25, 0.75, 0.25, 0.25, 0.75, -0.25, -0.25, 0.75, 0.25, -0.25, 0.75, -0.25, 0.25, 0.75, -0.25, -0.25, -0.75, 0.25, 0.25, -0.75, 0.25, -0.25, -0.75, -0.25, 0.25, -0.75, 0.25, 0.25, -0.75, -0.25, -0.25, -0.75, -0.25)

[sub_resource type="BoxShape3D" id="BoxShape3D_lbeul"]
size = Vector3(20, 15, 1)

[sub_resource type="BoxMesh" id="BoxMesh_x5g3s"]
size = Vector3(1, 10, 0.25)

[sub_resource type="ConcavePolygonShape3D" id="ConcavePolygonShape3D_4big1"]
data = PackedVector3Array(-0.5, 5, 0.125, 0.5, 5, 0.125, -0.5, -5, 0.125, 0.5, 5, 0.125, 0.5, -5, 0.125, -0.5, -5, 0.125, 0.5, 5, -0.125, -0.5, 5, -0.125, 0.5, -5, -0.125, -0.5, 5, -0.125, -0.5, -5, -0.125, 0.5, -5, -0.125, 0.5, 5, 0.125, 0.5, 5, -0.125, 0.5, -5, 0.125, 0.5, 5, -0.125, 0.5, -5, -0.125, 0.5, -5, 0.125, -0.5, 5, -0.125, -0.5, 5, 0.125, -0.5, -5, -0.125, -0.5, 5, 0.125, -0.5, -5, 0.125, -0.5, -5, -0.125, 0.5, 5, 0.125, -0.5, 5, 0.125, 0.5, 5, -0.125, -0.5, 5, 0.125, -0.5, 5, -0.125, 0.5, 5, -0.125, -0.5, -5, 0.125, 0.5, -5, 0.125, -0.5, -5, -0.125, 0.5, -5, 0.125, 0.5, -5, -0.125, -0.5, -5, -0.125)

[sub_resource type="BoxShape3D" id="BoxShape3D_7h38n"]
size = Vector3(50, 0.5, 50)

[node name="MainGame" type="Node3D"]

[node name="Player" parent="." instance=ExtResource("1_2gwix")]
transform = Transform3D(0.99479, 0, 0.101942, 0, 1, 0, -0.101942, 0, 0.99479, -2.43077, 1.87919, -0.458767)

[node name="WorldEnvironment" type="WorldEnvironment" parent="."]
environment = SubResource("Environment_g0vy5")
script = ExtResource("1_3hce6")

[node name="SunLight" type="DirectionalLight3D" parent="."]
transform = Transform3D(1, 0, 0, 0, -0.446276, 0.894895, 0, -0.894895, -0.446276, 0, 3.80912, 0)
light_color = Color(1, 1, 0.690196, 1)
light_energy = 0.5
shadow_enabled = true
shadow_opacity = 0.95
directional_shadow_fade_start = 0.0

[node name="World" type="Node3D" parent="."]

[node name="SimpleThirdArea" parent="World" instance=ExtResource("2_mtose")]
transform = Transform3D(-0.999988, 0, -0.00499158, 0, 1, 0, 0.00499158, 0, -0.999988, 24.0168, 0.119729, 35.6754)

[node name="FirstTwoAreas" parent="World" instance=ExtResource("1_x5psp")]

[node name="ElevatedRidgePiece" parent="World" instance=ExtResource("3_1w7kk")]
transform = Transform3D(1, 0, 0, 0, 1, 0, 0, 0, 1, 7.7418, 2.3287, -11.1752)

[node name="ElevatedRidgePiece2" parent="World" instance=ExtResource("3_1w7kk")]
transform = Transform3D(2, 0, 0, 0, 2, 0, 0, 0, 2, 13.9182, 5.15043, 22.5511)

[node name="ElevatedRidgePiece3" parent="World" instance=ExtResource("3_1w7kk")]
transform = Transform3D(-1.67479, 0, 1.0932, 0, 2, 0, -1.0932, 0, -1.67479, 13.9182, 5.15043, 42.8221)

[node name="ElevatedRidgePiece4" parent="World" instance=ExtResource("3_1w7kk")]
transform = Transform3D(-0.804377, 2.16695e-07, 0, -7.03208e-08, -2.4787, 0, 0, 0, 2, 11.1095, -7.16805, 22.6207)

[node name="ElevatedRidgePiece5" parent="World" instance=ExtResource("3_1w7kk")]
transform = Transform3D(-0.572278, 1.28831e-07, 0, -5.00301e-08, -1.47365, 0, 0, 0, 1.45441, 35.2684, -7.5331, 20.2759)

[node name="3Bushes" parent="World" instance=ExtResource("4_nffug")]
transform = Transform3D(0.668753, 0.0046673, -0.74347, -0.00503825, 0.999986, 0.00174572, 0.743468, 0.00257834, 0.668767, -7.05133, 1.12875, -3.45057)

[node name="3Bushes2" parent="World" instance=ExtResource("4_nffug")]
transform = Transform3D(-0.0918667, 0, 0.995771, 0, 1, 0, -0.995771, 0, -0.0918667, -4.60395, 0.684236, 6.93865)

[node name="3Bushes3" parent="World" instance=ExtResource("4_nffug")]
transform = Transform3D(-0.0527715, 0, -0.998606, 0, 1, 0, 0.998606, 0, -0.0527715, -1.01686, 0.201601, 10.6422)

[node name="3Bushes4" parent="World" instance=ExtResource("4_nffug")]
transform = Transform3D(0.750218, 0.101707, 0.653321, -0.161217, 0.986414, 0.0315668, -0.641234, -0.129009, 0.756422, 6.68563, 6.9115, 28.5171)

[node name="3Bushes5" parent="World" instance=ExtResource("4_nffug")]
transform = Transform3D(0.475927, -0.139253, 0.86839, 0.152956, 0.985445, 0.074195, -0.866081, 0.0975139, 0.490299, -7.66227, 6.2532, 41.0488)

[node name="3Bushes6" parent="World" instance=ExtResource("4_nffug")]
transform = Transform3D(0.979273, -0.161604, 0.122097, 0.144637, 0.979957, 0.136987, -0.141787, -0.116488, 0.983019, 30.9496, 1.95764, 4.82712)

[node name="SingleBushTextured" parent="World" instance=ExtResource("10_uwi2i")]
transform = Transform3D(1, 0, 0, 0, 1, 0, 0, 0, 1, -1.4837, 0.176759, -9.98451)

[node name="SingleBushTextured2" parent="World" instance=ExtResource("10_uwi2i")]
transform = Transform3D(0.986389, -0.164428, 0, 0.164428, 0.986389, 0, 0, 0, 1, -10.0295, 0.59952, -7.1881)

[node name="SingleBushTextured3" parent="World" instance=ExtResource("10_uwi2i")]
transform = Transform3D(0.72248, -0.142643, -0.676517, 0.146364, 0.987864, -0.0519824, 0.675722, -0.0614617, 0.73459, 5.54471, 4.92452, -13.2067)

[node name="SingleBushTextured4" parent="World" instance=ExtResource("10_uwi2i")]
transform = Transform3D(0.288992, -0.0570573, -0.270607, 0.0585457, 0.395146, -0.020793, 0.270289, -0.0245847, 0.293836, -7.2369, 6.4455, 39.9188)

[node name="SingleBushTextured5" parent="World" instance=ExtResource("10_uwi2i")]
transform = Transform3D(1.641, -0.234962, 0.155311, 0.243696, 1.64479, -0.0865507, -0.141213, 0.108035, 1.65548, -10.4576, 5.47899, 26.7027)

[node name="SingleBushTextured6" parent="World" instance=ExtResource("10_uwi2i")]
transform = Transform3D(0.438587, -0.0627978, 0.0415098, 0.0651321, 0.439599, -0.0231321, -0.0377417, 0.0288743, 0.442455, 30.1188, 1.76672, 3.65046)

[node name="SingleBushTextured7" parent="World" instance=ExtResource("10_uwi2i")]
transform = Transform3D(0.699768, -0.100194, 0.0662291, 0.111857, 0.686255, -0.143675, -0.043739, 0.152038, 0.69215, 24.4873, 1.71548, 13.5594)

[node name="PineTree" parent="World" instance=ExtResource("5_hbhad")]
transform = Transform3D(0.5, 0, 0, 0, 0.5, 0, 0, 0, 0.5, 4.94848, 0, 12.2189)

[node name="PineTree2" parent="World" instance=ExtResource("5_hbhad")]
transform = Transform3D(-0.163735, -0.00282373, 0.690857, -0.000301692, 0.709994, 0.00283045, -0.690862, 0.000359167, -0.163735, 5.9211, 0.286864, 16.115)

[node name="PineTree3" parent="World" instance=ExtResource("5_hbhad")]
transform = Transform3D(-0.126837, -0.00218739, 0.535171, -0.000233705, 0.549996, 0.0021926, -0.535175, 0.000278238, -0.126837, 17.4965, 0.431331, 14.1198)

[node name="PineTree4" parent="World" instance=ExtResource("5_hbhad")]
transform = Transform3D(-0.0204769, 0.014498, 0.0864321, 0.00338716, 0.0888246, -0.0140969, -0.0875741, 4.55298e-05, -0.0207552, -9.29859, 0.431331, -9.77845)

[node name="PineTree5" parent="World" instance=ExtResource("5_hbhad")]
transform = Transform3D(-0.266291, -0.00191086, 0.10154, 0.0156232, 0.280787, 0.0462562, -0.100349, 0.0487859, -0.26225, 9.77923, 5.92616, -9.96122)

[node name="PineTree6" parent="World" instance=ExtResource("5_hbhad")]
transform = Transform3D(-0.0761605, 0.0348324, 0.324363, 0.0240308, 0.332779, -0.0300937, -0.325341, 0.0164261, -0.0781542, 30.3821, 3.19796, 35.3673)

[node name="PineTree7" parent="World" instance=ExtResource("5_hbhad")]
transform = Transform3D(-0.328971, 0.085129, 0.623404, 0.0119943, 0.704192, -0.0898319, -0.629074, -0.0310912, -0.327718, 4.60376, 6.18524, 43.2658)

[node name="PineTree8" parent="World" instance=ExtResource("5_hbhad")]
transform = Transform3D(0.28761, -0.00524283, 0.17169, 0.0240308, 0.332779, -0.0300937, -0.170081, 0.0381527, 0.28608, 24.3287, 3.00269, 43.1163)

[node name="PineTree9" parent="World" instance=ExtResource("5_hbhad")]
transform = Transform3D(-0.211665, -0.0241169, -0.435708, 0.0347909, 0.481785, -0.0435686, 0.434986, -0.0502693, -0.208532, 26.8196, 2.91123, 42.461)

[node name="PineTree10" parent="World" instance=ExtResource("5_hbhad")]
transform = Transform3D(-0.117834, -0.0134259, -0.242559, -0.0229509, 0.268997, -0.00373983, 0.241844, 0.0189862, -0.118537, 31.7659, 2.01546, 45.6446)

[node name="PineTree11" parent="World" instance=ExtResource("5_hbhad")]
transform = Transform3D(-0.117834, -0.0134259, -0.242559, -0.0229509, 0.268997, -0.00373983, 0.241844, 0.0189862, -0.118537, 1.0494, 6.59161, 23.4289)

[node name="PineTree12" parent="World" instance=ExtResource("5_hbhad")]
transform = Transform3D(0.544122, -0.0111342, -0.493996, 0.0082925, 0.734916, -0.00743035, 0.494052, -7.27177e-05, 0.544185, -7.95667, 6.49909, 43.0391)

[node name="PineTree13" parent="World" instance=ExtResource("5_hbhad")]
transform = Transform3D(0.408393, -0.0744619, 0.209513, 0.0913509, 0.455653, -0.0161243, -0.20272, 0.055321, 0.414812, 23.2497, 1.99074, 13.8212)

[node name="PineTree14" parent="World" instance=ExtResource("5_hbhad")]
transform = Transform3D(0.108688, 0.0305173, 0.331294, -0.00188391, 0.348575, -0.0314911, -0.332691, 0.00799593, 0.10841, 26.9246, 1.35019, 14.2776)

[node name="ThinTree" parent="World" instance=ExtResource("6_oa4nq")]
transform = Transform3D(0.637316, 0.0220916, 0.394766, 0, 0.748828, -0.0419053, -0.395384, 0.0356093, 0.63632, -0.141335, 0.272972, 12.6388)

[node name="ThinTree2" parent="World" instance=ExtResource("6_oa4nq")]
transform = Transform3D(-0.549997, 0, 0.00183341, 0, 0.55, 0, -0.00183341, 0, -0.549997, -9.9013, 0.0932468, 11.2534)

[node name="ThinTree3" parent="World" instance=ExtResource("6_oa4nq")]
transform = Transform3D(-0.382017, 0.0542959, -0.391938, 0.0405955, 0.547301, 0.0362507, 0.393593, -0.00375008, -0.384149, -11.5255, 0.644532, -9.14031)

[node name="ThinTree4" parent="World" instance=ExtResource("6_oa4nq")]
transform = Transform3D(-0.227477, -0.0200762, -0.358436, -0.0137369, 0.424511, -0.0150591, 0.358735, 0.00352516, -0.227864, -9.57169, 0.507328, -10.7859)

[node name="ThinTree5" parent="World" instance=ExtResource("6_oa4nq")]
transform = Transform3D(0.402444, 0.0081852, -0.13637, 0.0044082, 0.423238, 0.0384126, 0.136545, -0.0377884, 0.40069, -2.12087, 0.507328, -11.5569)

[node name="SimpleDebris" parent="World" instance=ExtResource("9_vjqib")]
transform = Transform3D(-1.13561, 0.0738363, -0.628442, 0.0646036, 1.2979, 0.0357516, 0.629458, 2.06142e-07, -1.13745, 10.6589, 6.9509, 32.83)

[node name="BnBCabin" parent="World" instance=ExtResource("13_55jqw")]
transform = Transform3D(0.209678, 0, -0.40778, 0, 0.458529, 0, 0.40778, 0, 0.209678, -4.69703, 0.885938, 0.724436)

[node name="Cauldron" parent="." instance=ExtResource("2_psfv4")]
transform = Transform3D(0.878093, -0.000335516, 0.478491, -0.000674832, 0.999998, 0.00193963, -0.478491, -0.00202608, 0.87809, -6.25711, 2.95452, 1.23481)

[node name="ShortcutActivator" type="StaticBody3D" parent="." node_paths=PackedStringArray("activatee")]
transform = Transform3D(1, 0, 0, 0, 1, 0, 0, 0, 1, -7.08284, 6.77607, 21.1094)
script = ExtResource("12_x8hx7")
activatee = NodePath("../Shortcut")

[node name="MeshInstance3D" type="MeshInstance3D" parent="ShortcutActivator"]
material_override = SubResource("StandardMaterial3D_xnfh5")
mesh = SubResource("BoxMesh_bn44d")

[node name="CollisionShape3D" type="CollisionShape3D" parent="ShortcutActivator"]
shape = SubResource("ConcavePolygonShape3D_dqw51")

[node name="StaticBody3D" type="StaticBody3D" parent="ShortcutActivator"]
transform = Transform3D(1, 0, 0, 0, 1, 0, 0, 0, 1, 0, 0, -3.44296)

[node name="CollisionShape3D" type="CollisionShape3D" parent="ShortcutActivator/StaticBody3D"]
transform = Transform3D(1, 0, 0, 0, 1, 0, 0, 0, 1, 4.66835, 5.9655, 0)
shape = SubResource("BoxShape3D_lbeul")

[node name="Shortcut" type="StaticBody3D" parent="."]
transform = Transform3D(1, 0, 0, 0, 0.522826, -0.85244, 0, 0.85244, 0.522826, -5.47378, 3.03122, 14.0295)
visible = false

[node name="MeshInstance3D" type="MeshInstance3D" parent="Shortcut"]
transform = Transform3D(1, 0, 0, 0, 1, -2.98023e-08, 0, 2.98023e-08, 1, 0, 0.0800953, 0.0491247)
material_override = SubResource("StandardMaterial3D_xnfh5")
mesh = SubResource("BoxMesh_x5g3s")

[node name="CollisionShape3D" type="CollisionShape3D" parent="Shortcut"]
shape = SubResource("ConcavePolygonShape3D_4big1")
disabled = true

[node name="AudioStreamPlayer3D" type="AudioStreamPlayer3D" parent="Shortcut"]
stream = ExtResource("13_ai0xa")
pitch_scale = 0.5

[node name="KillBox" type="Area3D" parent="."]
transform = Transform3D(5, 0, 0, 0, 5, 0, 0, 0, 5, 0, -72.5082, 4.17968)
collision_layer = 3

[node name="CollisionShape3D" type="CollisionShape3D" parent="KillBox"]
shape = SubResource("BoxShape3D_7h38n")

[node name="StaticIngredients" type="Node3D" parent="."]
transform = Transform3D(1, 0, 0, 0, 1, 0, 0, 0, 1, 28.4072, 1.71072, 3)

[node name="StaticMixtureMint" parent="StaticIngredients" instance=ExtResource("3_wirou")]
transform = Transform3D(0.720454, 0, -0.693502, 0, 1, 0, 0.693502, 0, 0.720454, -19.8928, 3.9228, -15.8457)

[node name="StaticCalientus" parent="StaticIngredients" instance=ExtResource("4_3oq4w")]
transform = Transform3D(0.981303, -0.192471, 0, 0.187538, 0.956156, -0.224934, 0.0432932, 0.220728, 0.974374, -9.19222, 3.61183, 33.3244)

[node name="StaticCalientus2" parent="StaticIngredients" instance=ExtResource("4_3oq4w")]
transform = Transform3D(0.992056, 0.1236, 0.023426, -0.125801, 0.974703, 0.184736, 0, -0.186215, 0.982509, -8.32427, 3.42699, 32.2561)

[node name="StaticCalientus3" parent="StaticIngredients" instance=ExtResource("4_3oq4w")]
transform = Transform3D(0.963385, 0.192554, 0.186581, -0.142527, 0.957195, -0.25192, -0.227103, 0.216103, 0.949591, -8.16295, 3.21369, 35.3012)

[node name="StaticLampshade" parent="StaticIngredients" instance=ExtResource("5_h8833")]
transform = Transform3D(0.704931, 0, 0.709276, 0, 1, 0, -0.709276, 0, 0.704931, -21.1012, -1.11003, -2.35039)

[node name="StaticLampshade2" parent="StaticIngredients" instance=ExtResource("5_h8833")]
transform = Transform3D(-0.965327, 0, 0.261043, 0, 1, 0, -0.261043, 0, -0.965327, -20.3943, 4.1942, -11.2091)

[node name="StaticLampshade3" parent="StaticIngredients" instance=ExtResource("5_h8833")]
transform = Transform3D(-0.982964, 0, -0.183798, 0, 1, 0, 0.183798, 0, -0.982964, -3.97924, -11.4525, 14.7724)

[node name="StaticLampshade4" parent="StaticIngredients" instance=ExtResource("5_h8833")]
transform = Transform3D(0.0410599, -0.166212, -0.985235, 0.125568, 0.979107, -0.159945, 0.991235, -0.117146, 0.0610729, -9.68438, 2.12233, 24.8319)

[node name="StaticGustrhine" parent="StaticIngredients" instance=ExtResource("6_xs718")]
transform = Transform3D(1, 0, 0, 0, 0.978336, 0.207024, 0, -0.207024, 0.978336, -9.84169, -0.78214, 8.47375)

[node name="StaticGustrhine2" parent="StaticIngredients" instance=ExtResource("6_xs718")]
transform = Transform3D(1, 0, 0, 0, 0.989147, 0.146929, 0, -0.146929, 0.989147, -7.16777, -0.928781, -7.45163)

[node name="StaticSoothHoney" parent="StaticIngredients" instance=ExtResource("7_s3mne")]
transform = Transform3D(-0.976009, 0.00562133, -0.217657, 0.00502752, 0.999982, 0.0032819, 0.217672, 0.00210889, -0.97602, -20.6407, 1.91869, -7.98169)

[node name="StaticSoothHoney2" parent="StaticIngredients" instance=ExtResource("7_s3mne")]
transform = Transform3D(-0.511799, -0.113866, 0.851526, -0.367783, 0.924798, -0.0973868, -0.7764, -0.363019, -0.515189, 1.97079, 4.72925, 31.1697)

[node name="StaticSoothVenom" parent="." instance=ExtResource("20_52jet")]
transform = Transform3D(-0.362796, 0, 0.931869, 0.312612, 0.942052, 0.121706, -0.877868, 0.335468, -0.341772, 25.6138, 5.69189, 40.0875)

[node name="PaperPost" parent="." instance=ExtResource("21_tdfal")]
transform = Transform3D(0.211236, -0.00193866, -0.453183, -0.0283852, 0.498957, -0.0153648, 0.452298, 0.0322188, 0.210685, -3.64616, 3.72304, -1.35962)
metadata/page_id = "TutorialPaper"

[connection signal="body_entered" from="KillBox" to="Player" method="_on_kill_box_body_entered"]
